left,front,right,command
78.0,29.0,130.0,spin_right
66.0,41.0,94.0,right
65.0,112.0,105.0,forward
184.0,121.0,143.0,forward
178.0,27.0,9.0,spin_left
198.0,96.0,80.0,forward
195.0,142.0,3.0,forward
35.0,41.0,159.0,right
152.0,127.0,133.0,forward
91.0,21.0,49.0,spin_left
109.0,123.0,2.0,forward
173.0,104.0,144.0,forward
92.0,155.0,51.0,forward
177.0,8.0,96.0,back
173.0,101.0,69.0,forward
97.0,155.0,175.0,forward
62.0,170.0,8.0,forward
36.0,65.0,154.0,forward
112.0,196.0,152.0,forward
41.0,17.0,106.0,back
156.0,136.0,102.0,forward
4.0,125.0,68.0,forward
160.0,166.0,15.0,forward
34.0,10.0,12.0,back
82.0,125.0,151.0,forward
96.0,94.0,80.0,forward
67.0,57.0,62.0,forward
41.0,184.0,185.0,forward
31.0,65.0,159.0,forward
165.0,62.0,150.0,forward
199.0,91.0,67.0,forward
9.0,24.0,71.0,spin_right
188.0,21.0,65.0,spin_left
20.0,51.0,120.0,forward
55.0,180.0,88.0,forward
84.0,101.0,71.0,forward
188.0,105.0,50.0,forward
39.0,98.0,122.0,forward
89.0,171.0,187.0,forward
13.0,130.0,78.0,forward
125.0,97.0,23.0,forward
11.0,126.0,126.0,forward
136.0,117.0,49.0,forward
154.0,48.0,27.0,left
68.0,160.0,51.0,forward
109.0,184.0,123.0,forward
142.0,123.0,51.0,forward
199.0,105.0,93.0,forward
136.0,169.0,49.0,forward
135.0,164.0,44.0,forward
122.0,172.0,105.0,forward
89.0,147.0,99.0,forward
159.0,159.0,38.0,forward
148.0,172.0,81.0,forward
194.0,169.0,132.0,forward
188.0,101.0,40.0,forward
157.0,179.0,123.0,forward
48.0,62.0,127.0,forward
12.0,110.0,109.0,forward
33.0,39.0,83.0,right
108.0,140.0,162.0,forward
149.0,174.0,98.0,forward
46.0,30.0,105.0,spin_right
183.0,193.0,118.0,forward
47.0,95.0,107.0,forward
192.0,43.0,163.0,left
174.0,86.0,88.0,forward
196.0,55.0,198.0,forward
9.0,91.0,8.0,forward
48.0,136.0,188.0,forward
82.0,157.0,116.0,forward
175.0,39.0,84.0,left
102.0,59.0,41.0,forward
23.0,147.0,199.0,forward
186.0,142.0,38.0,forward
4.0,65.0,113.0,forward
185.0,48.0,155.0,left
91.0,57.0,85.0,forward
171.0,170.0,191.0,forward
44.0,177.0,55.0,forward
150.0,72.0,144.0,forward
91.0,6.0,0.0,back
39.0,176.0,129.0,forward
159.0,78.0,175.0,forward
35.0,91.0,19.0,forward
63.0,50.0,85.0,right
116.0,122.0,141.0,forward
58.0,115.0,153.0,forward
54.0,108.0,154.0,forward
134.0,179.0,131.0,forward
142.0,55.0,198.0,forward
54.0,80.0,61.0,forward
62.0,54.0,150.0,forward
197.0,42.0,72.0,left
159.0,73.0,93.0,forward
167.0,89.0,75.0,forward
30.0,173.0,57.0,forward
140.0,152.0,110.0,forward
20.0,166.0,17.0,forward
167.0,2.0,169.0,back
82.0,4.0,192.0,back
147.0,10.0,58.0,back
149.0,112.0,167.0,forward
21.0,191.0,36.0,forward
148.0,74.0,90.0,forward
72.0,135.0,68.0,forward
42.0,11.0,127.0,back
39.0,19.0,167.0,back
34.0,180.0,149.0,forward
44.0,90.0,118.0,forward
153.0,158.0,116.0,forward
155.0,47.0,126.0,left
48.0,58.0,113.0,forward
39.0,20.0,13.0,back
21.0,27.0,138.0,spin_right
196.0,17.0,36.0,back
14.0,134.0,145.0,forward
160.0,95.0,81.0,forward
19.0,133.0,29.0,forward
19.0,93.0,81.0,forward
180.0,59.0,40.0,forward
111.0,132.0,192.0,forward
155.0,177.0,169.0,forward
75.0,109.0,1.0,forward
77.0,118.0,6.0,forward
49.0,62.0,85.0,forward
84.0,74.0,158.0,forward
13.0,8.0,117.0,back
0.0,16.0,36.0,back
129.0,11.0,65.0,back
25.0,18.0,14.0,back
180.0,194.0,59.0,forward
109.0,129.0,107.0,forward
87.0,145.0,79.0,forward
110.0,12.0,103.0,back
149.0,146.0,62.0,forward
48.0,45.0,117.0,right
146.0,157.0,105.0,forward
15.0,55.0,110.0,forward
3.0,91.0,138.0,forward
96.0,15.0,96.0,back
76.0,92.0,9.0,forward
166.0,149.0,117.0,forward
54.0,25.0,122.0,spin_right
51.0,30.0,50.0,spin_left
64.0,25.0,95.0,spin_right
133.0,135.0,151.0,forward
84.0,171.0,179.0,forward
103.0,89.0,134.0,forward
156.0,135.0,181.0,forward
172.0,111.0,59.0,forward
112.0,7.0,147.0,back
183.0,145.0,91.0,forward
36.0,49.0,180.0,right
187.0,52.0,2.0,forward
149.0,70.0,68.0,forward
81.0,0.0,113.0,back
55.0,20.0,81.0,back
155.0,88.0,81.0,forward
198.0,190.0,146.0,forward
84.0,46.0,75.0,left
134.0,127.0,18.0,forward
0.0,10.0,1.0,back
130.0,117.0,177.0,forward
78.0,118.0,165.0,forward
53.0,11.0,39.0,back
11.0,19.0,78.0,back
106.0,112.0,14.0,forward
186.0,123.0,174.0,forward
87.0,77.0,68.0,forward
103.0,119.0,12.0,forward
145.0,28.0,136.0,spin_left
3.0,189.0,127.0,forward
56.0,76.0,88.0,forward
142.0,179.0,143.0,forward
94.0,90.0,62.0,forward
130.0,0.0,141.0,back
70.0,67.0,169.0,forward
84.0,112.0,183.0,forward
186.0,191.0,178.0,forward
25.0,142.0,198.0,forward
29.0,101.0,41.0,forward
142.0,164.0,189.0,forward
57.0,24.0,117.0,spin_right
132.0,112.0,7.0,forward
165.0,94.0,24.0,forward
106.0,97.0,8.0,forward
140.0,37.0,122.0,left
129.0,87.0,2.0,forward
185.0,21.0,191.0,spin_right
164.0,63.0,59.0,forward
91.0,47.0,15.0,left
108.0,96.0,164.0,forward
61.0,101.0,96.0,forward
89.0,41.0,173.0,right
38.0,49.0,152.0,right
14.0,175.0,155.0,forward
121.0,108.0,134.0,forward
42.0,154.0,120.0,forward
88.0,29.0,6.0,spin_left
80.0,167.0,166.0,forward
6.0,57.0,110.0,forward
165.0,197.0,117.0,forward
28.0,192.0,93.0,forward
102.0,117.0,11.0,forward
165.0,8.0,113.0,back
50.0,109.0,153.0,forward
165.0,121.0,187.0,forward
159.0,15.0,0.0,back
134.0,14.0,149.0,back
79.0,77.0,107.0,forward
15.0,49.0,162.0,right
27.0,117.0,123.0,forward
178.0,143.0,195.0,forward
142.0,55.0,71.0,forward
145.0,137.0,134.0,forward
63.0,124.0,123.0,forward
94.0,51.0,175.0,forward
24.0,151.0,104.0,forward
14.0,45.0,6.0,left
194.0,97.0,35.0,forward
86.0,37.0,156.0,right
126.0,81.0,44.0,forward
155.0,96.0,75.0,forward
148.0,74.0,108.0,forward
63.0,7.0,50.0,back
33.0,96.0,170.0,forward
107.0,42.0,183.0,right
116.0,189.0,45.0,forward
192.0,179.0,4.0,forward
28.0,103.0,46.0,forward
44.0,20.0,97.0,back
139.0,51.0,161.0,forward
184.0,121.0,151.0,forward
164.0,135.0,126.0,forward
78.0,95.0,150.0,forward
106.0,78.0,94.0,forward
17.0,59.0,77.0,forward
145.0,132.0,11.0,forward
19.0,131.0,144.0,forward
15.0,12.0,119.0,back
44.0,104.0,135.0,forward
128.0,197.0,61.0,forward
117.0,83.0,136.0,forward
47.0,103.0,145.0,forward
111.0,0.0,76.0,back
184.0,69.0,183.0,forward
48.0,36.0,27.0,left
35.0,11.0,114.0,back
151.0,112.0,35.0,forward
35.0,155.0,155.0,forward
67.0,169.0,105.0,forward
87.0,87.0,131.0,forward
99.0,50.0,67.0,left
71.0,24.0,83.0,spin_right
147.0,175.0,22.0,forward
145.0,79.0,111.0,forward
198.0,121.0,191.0,forward
30.0,85.0,137.0,forward
31.0,102.0,80.0,forward
6.0,59.0,106.0,forward
24.0,151.0,6.0,forward
148.0,9.0,68.0,back
195.0,129.0,61.0,forward
113.0,149.0,49.0,forward
49.0,111.0,27.0,forward
70.0,42.0,118.0,right
123.0,35.0,36.0,left
161.0,58.0,151.0,forward
54.0,121.0,93.0,forward
93.0,167.0,31.0,forward
142.0,150.0,95.0,forward
38.0,105.0,45.0,forward
43.0,24.0,94.0,spin_right
60.0,80.0,190.0,forward
39.0,43.0,71.0,right
86.0,185.0,158.0,forward
123.0,127.0,28.0,forward
150.0,116.0,15.0,forward
43.0,63.0,2.0,forward
153.0,12.0,128.0,back
166.0,196.0,72.0,forward
143.0,100.0,32.0,forward
195.0,35.0,37.0,left
160.0,188.0,139.0,forward
127.0,186.0,66.0,forward
50.0,129.0,160.0,forward
130.0,146.0,27.0,forward
10.0,138.0,116.0,forward
126.0,72.0,8.0,forward
39.0,148.0,68.0,forward
46.0,112.0,55.0,forward
155.0,171.0,63.0,forward
29.0,50.0,148.0,right
3.0,83.0,156.0,forward
87.0,198.0,101.0,forward
109.0,154.0,193.0,forward
73.0,36.0,181.0,right
18.0,86.0,54.0,forward
141.0,145.0,139.0,forward
60.0,153.0,198.0,forward
171.0,66.0,150.0,forward
83.0,175.0,85.0,forward
49.0,90.0,50.0,forward
161.0,184.0,0.0,forward
54.0,58.0,36.0,forward
63.0,174.0,160.0,forward
61.0,110.0,167.0,forward
2.0,172.0,188.0,forward
61.0,189.0,179.0,forward
23.0,158.0,183.0,forward
5.0,137.0,28.0,forward
194.0,158.0,116.0,forward
191.0,171.0,189.0,forward
189.0,2.0,147.0,back
58.0,110.0,99.0,forward
135.0,42.0,191.0,right
61.0,67.0,8.0,forward
84.0,41.0,161.0,right
24.0,72.0,135.0,forward
189.0,64.0,113.0,forward
121.0,75.0,9.0,forward
33.0,1.0,57.0,back
188.0,102.0,20.0,forward
173.0,132.0,62.0,forward
34.0,37.0,66.0,right
55.0,7.0,154.0,back
9.0,112.0,179.0,forward
178.0,195.0,67.0,forward
122.0,148.0,12.0,forward
97.0,25.0,124.0,spin_right
161.0,197.0,171.0,forward
53.0,169.0,80.0,forward
150.0,45.0,113.0,left
140.0,64.0,108.0,forward
163.0,69.0,3.0,forward
174.0,170.0,46.0,forward
52.0,126.0,162.0,forward
1.0,122.0,182.0,forward
95.0,91.0,64.0,forward
91.0,96.0,2.0,forward
114.0,138.0,132.0,forward
160.0,145.0,36.0,forward
79.0,86.0,10.0,forward
117.0,155.0,154.0,forward
22.0,163.0,154.0,forward
146.0,26.0,139.0,spin_left
177.0,146.0,130.0,forward
191.0,146.0,196.0,forward
16.0,138.0,180.0,forward
120.0,131.0,58.0,forward
48.0,170.0,78.0,forward
13.0,80.0,38.0,forward
37.0,1.0,132.0,back
25.0,32.0,105.0,right
128.0,25.0,45.0,spin_left
112.0,68.0,42.0,forward
155.0,86.0,50.0,forward
166.0,65.0,178.0,forward
197.0,63.0,43.0,forward
29.0,163.0,157.0,forward
34.0,136.0,141.0,forward
185.0,143.0,160.0,forward
158.0,177.0,140.0,forward
0.0,10.0,43.0,back
198.0,100.0,35.0,forward
82.0,37.0,149.0,right
153.0,63.0,43.0,forward
29.0,158.0,58.0,forward
32.0,30.0,55.0,spin_right
49.0,67.0,66.0,forward
170.0,54.0,162.0,forward
19.0,112.0,21.0,forward
164.0,149.0,75.0,forward
159.0,19.0,172.0,back
80.0,193.0,193.0,forward
35.0,137.0,86.0,forward
36.0,13.0,168.0,back
185.0,38.0,55.0,left
198.0,197.0,34.0,forward
58.0,134.0,71.0,forward
25.0,42.0,159.0,right
110.0,139.0,90.0,forward
184.0,114.0,197.0,forward
163.0,65.0,176.0,forward
155.0,0.0,198.0,back
33.0,27.0,122.0,spin_right
80.0,14.0,148.0,back
181.0,171.0,145.0,forward
149.0,59.0,7.0,forward
77.0,100.0,74.0,forward
115.0,108.0,49.0,forward
65.0,44.0,131.0,right
21.0,122.0,24.0,forward
168.0,184.0,138.0,forward
90.0,125.0,94.0,forward
49.0,193.0,65.0,forward
108.0,40.0,193.0,right
30.0,195.0,46.0,forward
26.0,25.0,134.0,spin_right
109.0,93.0,38.0,forward
110.0,123.0,156.0,forward
184.0,74.0,138.0,forward
175.0,136.0,132.0,forward
23.0,165.0,70.0,forward
174.0,100.0,173.0,forward
132.0,35.0,92.0,left
28.0,0.0,157.0,back
90.0,74.0,183.0,forward
177.0,178.0,113.0,forward
96.0,121.0,105.0,forward
4.0,15.0,8.0,back
6.0,188.0,190.0,forward
103.0,187.0,53.0,forward
9.0,29.0,116.0,spin_right
106.0,43.0,153.0,right
51.0,73.0,65.0,forward
118.0,159.0,186.0,forward
35.0,50.0,122.0,right
158.0,82.0,81.0,forward
187.0,108.0,184.0,forward
117.0,58.0,193.0,forward
8.0,72.0,51.0,forward
186.0,137.0,182.0,forward
123.0,151.0,18.0,forward
45.0,36.0,181.0,right
94.0,193.0,7.0,forward
9.0,89.0,176.0,forward
162.0,108.0,134.0,forward
5.0,137.0,158.0,forward
103.0,105.0,178.0,forward
10.0,51.0,111.0,forward
63.0,153.0,108.0,forward
18.0,0.0,128.0,back
56.0,169.0,82.0,forward
30.0,20.0,84.0,back
168.0,128.0,93.0,forward
79.0,59.0,32.0,forward
197.0,157.0,31.0,forward
93.0,127.0,111.0,forward
0.0,54.0,26.0,forward
23.0,150.0,72.0,forward
75.0,19.0,25.0,back
131.0,179.0,77.0,forward
22.0,60.0,175.0,forward
79.0,151.0,95.0,forward
150.0,38.0,51.0,left
18.0,36.0,141.0,right
173.0,104.0,32.0,forward
94.0,87.0,111.0,forward
60.0,151.0,160.0,forward
56.0,3.0,125.0,back
194.0,125.0,64.0,forward
3.0,23.0,131.0,spin_right
135.0,149.0,170.0,forward
79.0,154.0,50.0,forward
22.0,151.0,173.0,forward
8.0,30.0,158.0,spin_right
50.0,187.0,33.0,forward
94.0,199.0,15.0,forward
165.0,175.0,62.0,forward
37.0,136.0,88.0,forward
0.0,179.0,37.0,forward
49.0,22.0,163.0,spin_right
49.0,53.0,182.0,forward
66.0,70.0,35.0,forward
121.0,12.0,54.0,back
84.0,162.0,121.0,forward
191.0,147.0,79.0,forward
8.0,64.0,26.0,forward
114.0,179.0,133.0,forward
142.0,116.0,16.0,forward
109.0,164.0,79.0,forward
135.0,65.0,112.0,forward
56.0,143.0,57.0,forward
85.0,124.0,169.0,forward
99.0,7.0,116.0,back
90.0,74.0,99.0,forward
92.0,17.0,64.0,back
13.0,63.0,140.0,forward
61.0,144.0,162.0,forward
72.0,62.0,132.0,forward
154.0,184.0,39.0,forward
120.0,77.0,71.0,forward
87.0,14.0,12.0,back
79.0,102.0,182.0,forward
4.0,122.0,3.0,forward
85.0,50.0,159.0,right
78.0,88.0,11.0,forward
175.0,187.0,56.0,forward
42.0,86.0,139.0,forward
134.0,123.0,187.0,forward
169.0,196.0,13.0,forward
101.0,96.0,17.0,forward
108.0,8.0,153.0,back
19.0,145.0,95.0,forward
44.0,178.0,7.0,forward
34.0,84.0,166.0,forward
105.0,169.0,55.0,forward
62.0,6.0,117.0,back
38.0,177.0,56.0,forward
40.0,8.0,187.0,back
3.0,140.0,2.0,forward
105.0,40.0,55.0,left
5.0,48.0,0.0,left
0.0,96.0,134.0,forward
143.0,133.0,142.0,forward
14.0,195.0,189.0,forward
34.0,26.0,191.0,spin_right
172.0,147.0,194.0,forward
188.0,76.0,164.0,forward
90.0,87.0,39.0,forward
84.0,129.0,53.0,forward
176.0,39.0,22.0,left
188.0,72.0,22.0,forward
115.0,75.0,49.0,forward
111.0,51.0,137.0,forward
50.0,67.0,16.0,forward
17.0,3.0,187.0,back
159.0,8.0,76.0,back
73.0,35.0,162.0,right
21.0,49.0,162.0,right
158.0,138.0,171.0,forward
26.0,192.0,137.0,forward
36.0,31.0,38.0,right
50.0,40.0,130.0,right
50.0,171.0,161.0,forward
188.0,127.0,47.0,forward
168.0,167.0,53.0,forward
194.0,193.0,72.0,forward
92.0,132.0,125.0,forward
37.0,22.0,52.0,spin_right
191.0,113.0,91.0,forward
75.0,125.0,170.0,forward
38.0,169.0,54.0,forward
84.0,169.0,45.0,forward
52.0,185.0,15.0,forward
41.0,155.0,152.0,forward
188.0,130.0,26.0,forward
138.0,77.0,37.0,forward
172.0,78.0,132.0,forward
182.0,51.0,127.0,forward
180.0,27.0,199.0,spin_right
54.0,76.0,12.0,forward
109.0,195.0,127.0,forward
25.0,91.0,93.0,forward
158.0,63.0,82.0,forward
165.0,144.0,138.0,forward
108.0,18.0,192.0,back
80.0,57.0,186.0,forward
80.0,68.0,63.0,forward
117.0,134.0,27.0,forward
103.0,92.0,168.0,forward
136.0,128.0,147.0,forward
78.0,90.0,184.0,forward
60.0,123.0,195.0,forward
11.0,2.0,25.0,back
0.0,70.0,108.0,forward
46.0,192.0,9.0,forward
99.0,57.0,72.0,forward
2.0,10.0,156.0,back
39.0,22.0,38.0,spin_left
156.0,159.0,195.0,forward
1.0,129.0,162.0,forward
45.0,134.0,4.0,forward
19.0,191.0,191.0,forward
134.0,76.0,43.0,forward
23.0,53.0,15.0,forward
100.0,87.0,28.0,forward
155.0,148.0,31.0,forward
117.0,183.0,102.0,forward
130.0,114.0,169.0,forward
117.0,85.0,100.0,forward
190.0,162.0,165.0,forward
81.0,58.0,121.0,forward
143.0,180.0,174.0,forward
68.0,58.0,11.0,forward
23.0,42.0,171.0,right
123.0,76.0,16.0,forward
196.0,152.0,162.0,forward
128.0,165.0,17.0,forward
37.0,59.0,140.0,forward
29.0,4.0,123.0,back
31.0,171.0,30.0,forward
99.0,90.0,123.0,forward
182.0,161.0,41.0,forward
57.0,90.0,177.0,forward
15.0,186.0,166.0,forward
99.0,90.0,38.0,forward
37.0,112.0,195.0,forward
57.0,58.0,34.0,forward
127.0,167.0,42.0,forward
103.0,11.0,3.0,back
65.0,76.0,73.0,forward
130.0,42.0,186.0,right
132.0,24.0,171.0,spin_right
35.0,42.0,61.0,right
70.0,120.0,87.0,forward
10.0,94.0,89.0,forward
129.0,79.0,85.0,forward
176.0,32.0,149.0,left
67.0,197.0,90.0,forward
130.0,121.0,185.0,forward
27.0,106.0,145.0,forward
172.0,33.0,27.0,left
132.0,187.0,33.0,forward
23.0,100.0,12.0,forward
61.0,83.0,143.0,forward
102.0,186.0,199.0,forward
111.0,100.0,60.0,forward
34.0,74.0,121.0,forward
97.0,134.0,155.0,forward
199.0,138.0,12.0,forward
160.0,110.0,33.0,forward
59.0,45.0,66.0,right
93.0,32.0,45.0,left
6.0,186.0,109.0,forward
39.0,0.0,170.0,back
38.0,184.0,65.0,forward
136.0,156.0,41.0,forward
128.0,111.0,87.0,forward
120.0,93.0,55.0,forward
29.0,140.0,110.0,forward
193.0,62.0,52.0,forward
127.0,31.0,18.0,left
53.0,38.0,173.0,right
196.0,156.0,21.0,forward
131.0,78.0,176.0,forward
44.0,32.0,192.0,right
50.0,158.0,45.0,forward
70.0,49.0,96.0,right
116.0,50.0,44.0,left
18.0,155.0,165.0,forward
197.0,114.0,67.0,forward
68.0,86.0,189.0,forward
135.0,109.0,7.0,forward
26.0,188.0,7.0,forward
100.0,6.0,112.0,back
2.0,32.0,195.0,right
153.0,43.0,146.0,left
34.0,157.0,1.0,forward
92.0,84.0,57.0,forward
62.0,100.0,120.0,forward
34.0,151.0,98.0,forward
65.0,36.0,75.0,right
55.0,161.0,138.0,forward
25.0,67.0,63.0,forward
178.0,195.0,150.0,forward
7.0,65.0,175.0,forward
89.0,74.0,125.0,forward
28.0,193.0,17.0,forward
17.0,156.0,137.0,forward
175.0,29.0,101.0,spin_left
18.0,6.0,196.0,back
99.0,188.0,70.0,forward
104.0,74.0,141.0,forward
195.0,188.0,141.0,forward
133.0,136.0,102.0,forward
25.0,90.0,191.0,forward
164.0,174.0,87.0,forward
69.0,173.0,98.0,forward
68.0,135.0,153.0,forward
40.0,86.0,180.0,forward
28.0,187.0,176.0,forward
16.0,125.0,144.0,forward
176.0,3.0,4.0,back
137.0,154.0,62.0,forward
17.0,47.0,2.0,left
75.0,147.0,153.0,forward
153.0,185.0,112.0,forward
17.0,49.0,19.0,right
144.0,44.0,190.0,right
6.0,134.0,92.0,forward
66.0,79.0,157.0,forward
63.0,65.0,135.0,forward
162.0,55.0,178.0,forward
121.0,158.0,166.0,forward
125.0,40.0,34.0,left
139.0,87.0,156.0,forward
131.0,138.0,91.0,forward
8.0,93.0,40.0,forward
141.0,66.0,153.0,forward
28.0,179.0,174.0,forward
130.0,170.0,85.0,forward
6.0,130.0,122.0,forward
3.0,140.0,12.0,forward
38.0,131.0,168.0,forward
113.0,133.0,43.0,forward
136.0,82.0,46.0,forward
90.0,194.0,43.0,forward
168.0,165.0,141.0,forward
134.0,171.0,136.0,forward
89.0,179.0,64.0,forward
52.0,147.0,96.0,forward
135.0,125.0,123.0,forward
132.0,7.0,7.0,back
32.0,146.0,147.0,forward
140.0,111.0,44.0,forward
129.0,114.0,116.0,forward
98.0,52.0,184.0,forward
61.0,165.0,198.0,forward
32.0,17.0,22.0,back
149.0,54.0,125.0,forward
29.0,21.0,129.0,spin_right
101.0,124.0,78.0,forward
101.0,62.0,130.0,forward
171.0,115.0,81.0,forward
130.0,169.0,74.0,forward
199.0,57.0,0.0,forward
199.0,119.0,194.0,forward
26.0,175.0,180.0,forward
78.0,16.0,26.0,back
169.0,102.0,44.0,forward
50.0,69.0,33.0,forward
172.0,54.0,178.0,forward
96.0,139.0,97.0,forward
1.0,75.0,20.0,forward
25.0,97.0,142.0,forward
55.0,121.0,98.0,forward
3.0,189.0,167.0,forward
63.0,198.0,86.0,forward
73.0,107.0,132.0,forward
43.0,96.0,119.0,forward
40.0,179.0,100.0,forward
15.0,57.0,117.0,forward
95.0,28.0,165.0,spin_right
38.0,22.0,58.0,spin_right
45.0,127.0,164.0,forward
164.0,47.0,93.0,left
196.0,92.0,158.0,forward
140.0,46.0,156.0,right
98.0,166.0,140.0,forward
66.0,79.0,108.0,forward
177.0,135.0,176.0,forward
43.0,117.0,173.0,forward
25.0,131.0,117.0,forward
171.0,150.0,119.0,forward
25.0,33.0,110.0,right
36.0,154.0,99.0,forward
154.0,188.0,31.0,forward
112.0,49.0,17.0,left
135.0,38.0,122.0,left
104.0,159.0,105.0,forward
172.0,158.0,25.0,forward
181.0,185.0,153.0,forward
80.0,19.0,169.0,back
196.0,103.0,191.0,forward
34.0,31.0,58.0,right
102.0,49.0,60.0,left
46.0,36.0,15.0,left
96.0,128.0,141.0,forward
134.0,162.0,180.0,forward
38.0,71.0,131.0,forward
87.0,137.0,184.0,forward
107.0,15.0,38.0,back
65.0,147.0,117.0,forward
95.0,38.0,105.0,right
98.0,12.0,28.0,back
182.0,40.0,159.0,left
197.0,92.0,189.0,forward
66.0,76.0,173.0,forward
76.0,139.0,62.0,forward
2.0,24.0,13.0,spin_right
53.0,2.0,55.0,back
34.0,143.0,0.0,forward
87.0,53.0,110.0,forward
1.0,190.0,179.0,forward
76.0,49.0,99.0,right
72.0,159.0,96.0,forward
8.0,160.0,157.0,forward
146.0,114.0,84.0,forward
179.0,25.0,199.0,spin_right
9.0,1.0,3.0,back
103.0,52.0,54.0,forward
154.0,95.0,166.0,forward
198.0,170.0,150.0,forward
191.0,92.0,101.0,forward
52.0,75.0,140.0,forward
57.0,173.0,19.0,forward
18.0,157.0,41.0,forward
151.0,117.0,130.0,forward
55.0,49.0,158.0,right
39.0,186.0,1.0,forward
29.0,62.0,143.0,forward
27.0,149.0,43.0,forward
108.0,53.0,59.0,forward
70.0,142.0,137.0,forward
145.0,47.0,172.0,right
159.0,109.0,14.0,forward
186.0,89.0,63.0,forward
33.0,156.0,189.0,forward
33.0,68.0,18.0,forward
188.0,90.0,26.0,forward
106.0,55.0,186.0,forward
193.0,181.0,2.0,forward
105.0,175.0,175.0,forward
157.0,122.0,99.0,forward
128.0,59.0,195.0,forward
83.0,52.0,98.0,forward
97.0,49.0,7.0,left
121.0,162.0,54.0,forward
31.0,140.0,45.0,forward
133.0,1.0,4.0,back
183.0,8.0,48.0,back
97.0,157.0,126.0,forward
40.0,99.0,115.0,forward
194.0,182.0,199.0,forward
166.0,102.0,62.0,forward
116.0,62.0,138.0,forward
115.0,150.0,82.0,forward
37.0,47.0,119.0,right
197.0,85.0,63.0,forward
82.0,128.0,194.0,forward
131.0,14.0,148.0,back
86.0,17.0,193.0,back
129.0,122.0,28.0,forward
123.0,13.0,34.0,back
123.0,50.0,181.0,right
88.0,69.0,49.0,forward
0.0,142.0,118.0,forward
60.0,14.0,3.0,back
123.0,136.0,128.0,forward
81.0,164.0,65.0,forward
173.0,49.0,193.0,right
139.0,23.0,22.0,spin_left
6.0,57.0,0.0,forward
102.0,39.0,113.0,right
83.0,150.0,148.0,forward
165.0,123.0,12.0,forward
26.0,35.0,66.0,right
50.0,61.0,177.0,forward
83.0,124.0,163.0,forward
155.0,75.0,152.0,forward
15.0,183.0,93.0,forward
71.0,125.0,119.0,forward
177.0,194.0,36.0,forward
54.0,40.0,93.0,right
33.0,150.0,69.0,forward
68.0,42.0,9.0,left
34.0,197.0,97.0,forward
14.0,83.0,13.0,forward
133.0,82.0,9.0,forward
148.0,138.0,57.0,forward
152.0,95.0,82.0,forward
49.0,62.0,117.0,forward
160.0,192.0,83.0,forward
72.0,10.0,31.0,back
55.0,2.0,43.0,back
21.0,51.0,76.0,forward
187.0,131.0,165.0,forward
123.0,37.0,139.0,right
173.0,74.0,174.0,forward
65.0,97.0,159.0,forward
190.0,5.0,176.0,back
136.0,30.0,103.0,spin_left
100.0,115.0,190.0,forward
69.0,47.0,199.0,right
85.0,25.0,153.0,spin_right
43.0,166.0,25.0,forward
1.0,61.0,86.0,forward
18.0,127.0,22.0,forward
199.0,73.0,196.0,forward
175.0,139.0,195.0,forward
162.0,48.0,195.0,right
56.0,39.0,177.0,right
78.0,182.0,82.0,forward
75.0,153.0,72.0,forward
26.0,168.0,26.0,forward
119.0,73.0,192.0,forward
96.0,91.0,156.0,forward
131.0,5.0,94.0,back
54.0,141.0,94.0,forward
194.0,32.0,82.0,left
2.0,119.0,30.0,forward
73.0,188.0,24.0,forward
0.0,108.0,154.0,forward
66.0,47.0,71.0,right
24.0,121.0,87.0,forward
169.0,99.0,176.0,forward
192.0,134.0,112.0,forward
50.0,73.0,102.0,forward
95.0,22.0,71.0,spin_left
153.0,40.0,189.0,right
174.0,122.0,57.0,forward
128.0,123.0,22.0,forward
25.0,171.0,72.0,forward
3.0,99.0,9.0,forward
148.0,199.0,115.0,forward
21.0,81.0,7.0,forward
51.0,75.0,91.0,forward
66.0,166.0,152.0,forward
173.0,176.0,133.0,forward
107.0,58.0,166.0,forward
76.0,129.0,3.0,forward
88.0,182.0,14.0,forward
132.0,161.0,196.0,forward
2.0,143.0,5.0,forward
138.0,155.0,162.0,forward
6.0,80.0,154.0,forward
92.0,120.0,152.0,forward
28.0,51.0,98.0,forward
168.0,27.0,197.0,spin_right
22.0,199.0,57.0,forward
194.0,60.0,142.0,forward
39.0,95.0,40.0,forward
19.0,73.0,172.0,forward
172.0,112.0,69.0,forward
89.0,27.0,154.0,spin_right
122.0,145.0,88.0,forward
129.0,118.0,43.0,forward
21.0,185.0,22.0,forward
130.0,30.0,79.0,spin_left
33.0,7.0,191.0,back
99.0,123.0,71.0,forward
71.0,178.0,34.0,forward
8.0,38.0,113.0,right
146.0,31.0,162.0,right
5.0,24.0,139.0,spin_right
129.0,10.0,168.0,back
10.0,117.0,63.0,forward
191.0,76.0,53.0,forward
152.0,49.0,107.0,left
118.0,43.0,4.0,left
34.0,14.0,128.0,back
151.0,32.0,179.0,right
12.0,52.0,184.0,forward
163.0,186.0,57.0,forward
195.0,173.0,87.0,forward
44.0,135.0,40.0,forward
116.0,170.0,154.0,forward
63.0,176.0,34.0,forward
139.0,147.0,190.0,forward
7.0,177.0,31.0,forward
193.0,105.0,143.0,forward
88.0,128.0,172.0,forward
43.0,64.0,23.0,forward
70.0,82.0,11.0,forward
17.0,197.0,107.0,forward
186.0,156.0,127.0,forward
142.0,1.0,137.0,back
180.0,58.0,85.0,forward
177.0,85.0,62.0,forward
45.0,155.0,117.0,forward
50.0,74.0,34.0,forward
94.0,62.0,96.0,forward
84.0,196.0,191.0,forward
166.0,119.0,38.0,forward
114.0,6.0,187.0,back
11.0,160.0,11.0,forward
2.0,86.0,15.0,forward
86.0,125.0,133.0,forward
52.0,94.0,173.0,forward
85.0,35.0,7.0,left
177.0,119.0,100.0,forward
32.0,8.0,59.0,back
61.0,188.0,116.0,forward
159.0,94.0,48.0,forward
132.0,112.0,60.0,forward
150.0,155.0,39.0,forward
86.0,123.0,139.0,forward
153.0,109.0,43.0,forward
116.0,63.0,137.0,forward
73.0,6.0,133.0,back
69.0,92.0,199.0,forward
164.0,44.0,1.0,left
183.0,58.0,10.0,forward
144.0,168.0,33.0,forward
140.0,119.0,165.0,forward
170.0,182.0,189.0,forward
180.0,73.0,13.0,forward
22.0,153.0,196.0,forward
188.0,73.0,83.0,forward
52.0,111.0,13.0,forward
31.0,183.0,1.0,forward
105.0,16.0,135.0,back
5.0,78.0,126.0,forward
115.0,64.0,162.0,forward
25.0,129.0,3.0,forward
181.0,90.0,198.0,forward
192.0,39.0,169.0,left
23.0,97.0,50.0,forward
26.0,53.0,150.0,forward
110.0,51.0,183.0,forward
17.0,111.0,96.0,forward
173.0,146.0,101.0,forward
188.0,53.0,95.0,forward
62.0,113.0,94.0,forward
125.0,50.0,165.0,right
16.0,114.0,117.0,forward
81.0,65.0,173.0,forward
5.0,113.0,2.0,forward
54.0,81.0,167.0,forward
12.0,95.0,196.0,forward
182.0,130.0,149.0,forward
68.0,5.0,1.0,back
60.0,92.0,92.0,forward
95.0,26.0,23.0,spin_left
187.0,193.0,170.0,forward
25.0,16.0,54.0,back
103.0,81.0,127.0,forward
38.0,186.0,94.0,forward
21.0,131.0,101.0,forward
88.0,146.0,127.0,forward
43.0,172.0,183.0,forward
78.0,82.0,80.0,forward
56.0,130.0,27.0,forward
134.0,185.0,18.0,forward
169.0,195.0,181.0,forward
137.0,118.0,73.0,forward
174.0,120.0,113.0,forward
60.0,34.0,84.0,right
13.0,104.0,0.0,forward
112.0,54.0,129.0,forward
68.0,3.0,57.0,back
82.0,76.0,13.0,forward
197.0,132.0,99.0,forward
45.0,190.0,172.0,forward
177.0,161.0,149.0,forward
198.0,194.0,104.0,forward
180.0,48.0,42.0,left
56.0,97.0,72.0,forward
98.0,71.0,166.0,forward
65.0,129.0,126.0,forward
115.0,156.0,18.0,forward
133.0,129.0,130.0,forward
60.0,35.0,133.0,right
153.0,24.0,66.0,spin_left
36.0,108.0,69.0,forward
83.0,40.0,32.0,left
181.0,104.0,14.0,forward
106.0,84.0,49.0,forward
139.0,163.0,81.0,forward
140.0,87.0,75.0,forward
67.0,179.0,165.0,forward
78.0,62.0,140.0,forward
162.0,124.0,43.0,forward
148.0,37.0,16.0,left
61.0,151.0,187.0,forward
169.0,108.0,127.0,forward
199.0,132.0,174.0,forward
177.0,52.0,58.0,forward
150.0,36.0,64.0,left
58.0,134.0,184.0,forward
86.0,140.0,161.0,forward
46.0,142.0,152.0,forward
91.0,147.0,47.0,forward
164.0,105.0,142.0,forward
25.0,133.0,45.0,forward
139.0,60.0,192.0,forward
126.0,6.0,59.0,back
86.0,155.0,150.0,forward
71.0,85.0,143.0,forward
83.0,3.0,62.0,back
182.0,6.0,61.0,back
135.0,159.0,86.0,forward
176.0,11.0,183.0,back
105.0,198.0,149.0,forward
26.0,194.0,111.0,forward
152.0,172.0,146.0,forward
37.0,49.0,40.0,right
29.0,80.0,39.0,forward
12.0,187.0,76.0,forward
196.0,139.0,175.0,forward
99.0,120.0,184.0,forward
171.0,14.0,196.0,back
72.0,7.0,188.0,back
50.0,124.0,93.0,forward
80.0,89.0,187.0,forward
142.0,121.0,93.0,forward
80.0,77.0,193.0,forward
28.0,166.0,34.0,forward
92.0,178.0,21.0,forward
195.0,179.0,42.0,forward
42.0,100.0,72.0,forward
164.0,172.0,38.0,forward
87.0,113.0,80.0,forward
79.0,38.0,198.0,right
7.0,40.0,82.0,right
77.0,13.0,104.0,back
60.0,72.0,24.0,forward
20.0,92.0,36.0,forward
148.0,63.0,106.0,forward
178.0,81.0,117.0,forward
141.0,169.0,62.0,forward
11.0,51.0,69.0,forward
185.0,74.0,96.0,forward
158.0,44.0,111.0,left
48.0,170.0,147.0,forward
105.0,152.0,7.0,forward
129.0,163.0,177.0,forward
36.0,197.0,108.0,forward
20.0,192.0,100.0,forward
51.0,135.0,170.0,forward
158.0,140.0,100.0,forward
147.0,75.0,133.0,forward
7.0,131.0,137.0,forward
165.0,32.0,170.0,right
82.0,12.0,4.0,back
130.0,12.0,160.0,back
26.0,195.0,171.0,forward
190.0,144.0,182.0,forward
141.0,171.0,78.0,forward
139.0,198.0,46.0,forward
108.0,143.0,85.0,forward
97.0,15.0,34.0,back
174.0,132.0,155.0,forward
31.0,122.0,196.0,forward
87.0,103.0,142.0,forward
104.0,30.0,141.0,spin_right
83.0,12.0,172.0,back
89.0,160.0,119.0,forward
43.0,78.0,39.0,forward
0.0,187.0,124.0,forward
12.0,5.0,17.0,back
26.0,30.0,60.0,spin_right
42.0,83.0,15.0,forward
125.0,71.0,139.0,forward
38.0,94.0,105.0,forward
13.0,158.0,72.0,forward
25.0,42.0,25.0,right
89.0,190.0,32.0,forward
144.0,4.0,126.0,back
84.0,107.0,199.0,forward
1.0,154.0,11.0,forward
154.0,166.0,50.0,forward
80.0,117.0,190.0,forward
131.0,130.0,15.0,forward
154.0,145.0,88.0,forward
98.0,191.0,41.0,forward
187.0,185.0,49.0,forward
104.0,100.0,141.0,forward
114.0,68.0,163.0,forward
69.0,148.0,38.0,forward
186.0,123.0,31.0,forward
43.0,160.0,54.0,forward
97.0,19.0,88.0,back
109.0,71.0,128.0,forward
85.0,28.0,160.0,spin_right
63.0,92.0,37.0,forward
74.0,50.0,155.0,right
146.0,11.0,177.0,back
6.0,47.0,82.0,right
122.0,1.0,112.0,back
45.0,62.0,90.0,forward
97.0,7.0,174.0,back
123.0,151.0,78.0,forward
156.0,136.0,178.0,forward
105.0,182.0,194.0,forward
122.0,122.0,45.0,forward
73.0,15.0,149.0,back
108.0,75.0,191.0,forward
81.0,56.0,18.0,forward
92.0,84.0,155.0,forward
5.0,6.0,72.0,back
99.0,31.0,155.0,right
5.0,141.0,77.0,forward
100.0,192.0,99.0,forward
76.0,116.0,195.0,forward
155.0,97.0,125.0,forward
164.0,196.0,191.0,forward
152.0,59.0,186.0,forward
166.0,2.0,120.0,back
88.0,114.0,120.0,forward
14.0,46.0,41.0,right
54.0,58.0,198.0,forward
176.0,126.0,149.0,forward
128.0,150.0,95.0,forward
110.0,22.0,131.0,spin_right
186.0,25.0,154.0,spin_left
48.0,191.0,1.0,forward
50.0,29.0,37.0,spin_left
161.0,164.0,132.0,forward
171.0,100.0,142.0,forward
188.0,12.0,163.0,back
186.0,24.0,115.0,spin_left
12.0,40.0,45.0,right
30.0,145.0,46.0,forward
159.0,132.0,179.0,forward
7.0,198.0,2.0,forward
45.0,127.0,2.0,forward
72.0,131.0,67.0,forward
186.0,86.0,140.0,forward
42.0,104.0,164.0,forward
36.0,45.0,137.0,right
139.0,127.0,193.0,forward
112.0,128.0,102.0,forward
196.0,161.0,87.0,forward
69.0,172.0,194.0,forward
150.0,45.0,43.0,left
33.0,71.0,15.0,forward
34.0,193.0,50.0,forward
140.0,8.0,7.0,back
105.0,46.0,90.0,left
76.0,101.0,128.0,forward
96.0,64.0,2.0,forward
126.0,155.0,43.0,forward
98.0,175.0,94.0,forward
11.0,108.0,24.0,forward
196.0,74.0,61.0,forward
109.0,150.0,18.0,forward
104.0,156.0,50.0,forward
129.0,123.0,108.0,forward
197.0,78.0,122.0,forward
15.0,49.0,75.0,right
176.0,23.0,101.0,spin_left
41.0,92.0,151.0,forward
18.0,14.0,173.0,back
12.0,47.0,91.0,right
170.0,83.0,140.0,forward
86.0,176.0,96.0,forward
25.0,6.0,167.0,back
36.0,133.0,136.0,forward
105.0,74.0,49.0,forward
30.0,106.0,195.0,forward
106.0,152.0,192.0,forward
156.0,187.0,82.0,forward
71.0,80.0,47.0,forward
104.0,29.0,11.0,spin_left
1.0,26.0,89.0,spin_right
155.0,125.0,175.0,forward
45.0,109.0,78.0,forward
68.0,150.0,149.0,forward
68.0,190.0,125.0,forward
106.0,167.0,63.0,forward
92.0,14.0,36.0,back
101.0,29.0,150.0,spin_right
55.0,141.0,125.0,forward
59.0,181.0,197.0,forward
20.0,49.0,50.0,right
183.0,134.0,180.0,forward
19.0,80.0,159.0,forward
90.0,91.0,114.0,forward
45.0,128.0,143.0,forward
55.0,167.0,110.0,forward
35.0,136.0,50.0,forward
169.0,168.0,64.0,forward
127.0,64.0,120.0,forward
171.0,98.0,135.0,forward
123.0,44.0,20.0,left
85.0,161.0,93.0,forward
78.0,114.0,91.0,forward
150.0,4.0,97.0,back
69.0,21.0,195.0,spin_right
82.0,88.0,78.0,forward
163.0,114.0,76.0,forward
114.0,27.0,30.0,spin_left
58.0,186.0,155.0,forward
104.0,110.0,78.0,forward
34.0,52.0,0.0,forward
46.0,76.0,12.0,forward
89.0,117.0,43.0,forward
47.0,92.0,100.0,forward
95.0,86.0,98.0,forward
116.0,167.0,20.0,forward
148.0,105.0,8.0,forward
149.0,192.0,189.0,forward
114.0,62.0,59.0,forward
192.0,112.0,11.0,forward
104.0,182.0,117.0,forward
152.0,63.0,155.0,forward
94.0,120.0,137.0,forward
71.0,84.0,35.0,forward
17.0,109.0,193.0,forward
74.0,190.0,53.0,forward
23.0,151.0,185.0,forward
65.0,41.0,22.0,left
48.0,147.0,106.0,forward
90.0,47.0,116.0,right
88.0,151.0,52.0,forward
21.0,149.0,16.0,forward
86.0,7.0,173.0,back
19.0,199.0,196.0,forward
175.0,121.0,177.0,forward
104.0,37.0,14.0,left
150.0,31.0,130.0,left
113.0,68.0,41.0,forward
11.0,87.0,166.0,forward
21.0,24.0,150.0,spin_right
191.0,68.0,36.0,forward
94.0,190.0,173.0,forward
128.0,93.0,84.0,forward
90.0,2.0,184.0,back
50.0,106.0,189.0,forward
178.0,89.0,32.0,forward
188.0,151.0,156.0,forward
37.0,46.0,166.0,right
172.0,194.0,31.0,forward
64.0,182.0,166.0,forward
59.0,107.0,62.0,forward
178.0,56.0,116.0,forward
44.0,128.0,159.0,forward
191.0,187.0,141.0,forward
74.0,13.0,27.0,back
181.0,26.0,33.0,spin_left
19.0,43.0,83.0,right
25.0,70.0,167.0,forward
170.0,22.0,73.0,spin_left
167.0,106.0,0.0,forward
46.0,139.0,48.0,forward
179.0,15.0,102.0,back
164.0,193.0,31.0,forward
36.0,21.0,59.0,spin_right
139.0,195.0,177.0,forward
171.0,0.0,25.0,back
36.0,148.0,49.0,forward
96.0,113.0,140.0,forward
89.0,2.0,3.0,back
152.0,130.0,94.0,forward
27.0,54.0,45.0,forward
82.0,65.0,44.0,forward
101.0,39.0,177.0,right
146.0,87.0,117.0,forward
28.0,191.0,167.0,forward
197.0,2.0,7.0,back
109.0,123.0,174.0,forward
69.0,132.0,177.0,forward
31.0,185.0,192.0,forward
111.0,39.0,102.0,left
170.0,15.0,195.0,back
63.0,194.0,146.0,forward
163.0,42.0,100.0,left
129.0,92.0,100.0,forward
68.0,179.0,148.0,forward
190.0,132.0,88.0,forward
88.0,108.0,93.0,forward
189.0,68.0,132.0,forward
84.0,170.0,136.0,forward
52.0,95.0,33.0,forward
2.0,89.0,14.0,forward
87.0,27.0,149.0,spin_right
101.0,41.0,180.0,right
50.0,39.0,68.0,right
43.0,57.0,86.0,forward
120.0,151.0,80.0,forward
63.0,112.0,157.0,forward
74.0,32.0,95.0,right
185.0,116.0,4.0,forward
31.0,166.0,6.0,forward
31.0,140.0,142.0,forward
2.0,33.0,165.0,right
103.0,158.0,109.0,forward
99.0,122.0,20.0,forward
33.0,131.0,181.0,forward
168.0,168.0,40.0,forward
162.0,51.0,106.0,forward
86.0,93.0,21.0,forward
106.0,23.0,154.0,spin_right
27.0,104.0,78.0,forward
70.0,171.0,1.0,forward
109.0,78.0,186.0,forward
156.0,46.0,16.0,left
93.0,190.0,21.0,forward
87.0,101.0,171.0,forward
85.0,71.0,154.0,forward
144.0,57.0,195.0,forward
80.0,22.0,160.0,spin_right
115.0,165.0,172.0,forward
127.0,100.0,161.0,forward
17.0,48.0,134.0,right
41.0,124.0,41.0,forward
75.0,28.0,169.0,spin_right
15.0,98.0,24.0,forward
34.0,84.0,81.0,forward
15.0,50.0,92.0,right
60.0,4.0,156.0,back
5.0,114.0,145.0,forward
101.0,37.0,24.0,left
106.0,127.0,123.0,forward
116.0,167.0,53.0,forward
194.0,102.0,16.0,forward
108.0,22.0,97.0,spin_left
44.0,188.0,175.0,forward
36.0,143.0,41.0,forward
192.0,7.0,72.0,back
94.0,20.0,182.0,back
195.0,28.0,113.0,spin_left
91.0,183.0,27.0,forward
93.0,182.0,14.0,forward
181.0,127.0,28.0,forward
136.0,182.0,161.0,forward
24.0,136.0,39.0,forward
45.0,195.0,115.0,forward
40.0,74.0,119.0,forward
17.0,19.0,7.0,back
135.0,24.0,145.0,spin_right
164.0,82.0,159.0,forward
26.0,156.0,24.0,forward
166.0,0.0,114.0,back
192.0,102.0,118.0,forward
191.0,95.0,41.0,forward
113.0,82.0,38.0,forward
41.0,191.0,90.0,forward
102.0,128.0,20.0,forward
49.0,146.0,32.0,forward
180.0,35.0,125.0,left
126.0,126.0,98.0,forward
60.0,80.0,33.0,forward
19.0,32.0,96.0,right
163.0,164.0,140.0,forward
2.0,5.0,27.0,back
182.0,17.0,50.0,back
5.0,92.0,13.0,forward
149.0,188.0,27.0,forward
123.0,113.0,2.0,forward
178.0,40.0,41.0,left
148.0,142.0,197.0,forward
19.0,136.0,86.0,forward
114.0,72.0,60.0,forward
39.0,7.0,157.0,back
117.0,54.0,79.0,forward
147.0,151.0,142.0,forward
41.0,6.0,66.0,back
125.0,23.0,166.0,spin_right
161.0,74.0,81.0,forward
187.0,199.0,1.0,forward
82.0,33.0,11.0,left
71.0,138.0,92.0,forward
11.0,85.0,179.0,forward
199.0,137.0,11.0,forward
190.0,197.0,103.0,forward
2.0,21.0,147.0,spin_right
146.0,193.0,179.0,forward
58.0,13.0,195.0,back
153.0,142.0,2.0,forward
28.0,158.0,35.0,forward
143.0,117.0,9.0,forward
172.0,133.0,193.0,forward
106.0,113.0,111.0,forward
168.0,173.0,37.0,forward
10.0,35.0,136.0,right
178.0,26.0,120.0,spin_left
174.0,58.0,49.0,forward
86.0,43.0,63.0,left
22.0,43.0,69.0,right
84.0,115.0,58.0,forward
162.0,38.0,29.0,left
197.0,112.0,140.0,forward
199.0,187.0,166.0,forward
135.0,73.0,22.0,forward
79.0,15.0,13.0,back
90.0,69.0,126.0,forward
172.0,175.0,77.0,forward
87.0,185.0,29.0,forward
109.0,174.0,7.0,forward
198.0,110.0,36.0,forward
79.0,125.0,151.0,forward
113.0,21.0,73.0,spin_left
2.0,81.0,126.0,forward
89.0,125.0,69.0,forward
30.0,126.0,185.0,forward
58.0,83.0,63.0,forward
37.0,137.0,55.0,forward
44.0,85.0,75.0,forward
69.0,24.0,72.0,spin_right
140.0,157.0,65.0,forward
55.0,119.0,157.0,forward
71.0,199.0,198.0,forward
71.0,2.0,100.0,back
34.0,20.0,118.0,back
129.0,189.0,130.0,forward
164.0,70.0,15.0,forward
165.0,184.0,80.0,forward
181.0,130.0,104.0,forward
102.0,1.0,51.0,back
145.0,0.0,22.0,back
114.0,133.0,132.0,forward
126.0,161.0,158.0,forward
116.0,56.0,192.0,forward
56.0,93.0,38.0,forward
191.0,188.0,88.0,forward
179.0,184.0,4.0,forward
141.0,54.0,143.0,forward
172.0,191.0,147.0,forward
120.0,144.0,128.0,forward
87.0,32.0,158.0,right
159.0,163.0,150.0,forward
18.0,5.0,179.0,back
49.0,60.0,136.0,forward
55.0,56.0,169.0,forward
131.0,9.0,121.0,back
177.0,153.0,121.0,forward
47.0,116.0,129.0,forward
79.0,55.0,58.0,forward
90.0,106.0,0.0,forward
197.0,13.0,72.0,back
185.0,156.0,135.0,forward
86.0,46.0,182.0,right
33.0,11.0,56.0,back
181.0,89.0,59.0,forward
178.0,154.0,79.0,forward
134.0,59.0,88.0,forward
100.0,124.0,196.0,forward
115.0,173.0,196.0,forward
56.0,148.0,124.0,forward
160.0,184.0,6.0,forward
76.0,186.0,62.0,forward
168.0,44.0,141.0,left
91.0,130.0,113.0,forward
41.0,155.0,150.0,forward
74.0,106.0,15.0,forward
150.0,129.0,46.0,forward
4.0,188.0,10.0,forward
160.0,38.0,45.0,left
28.0,20.0,60.0,back
48.0,10.0,135.0,back
19.0,160.0,143.0,forward
162.0,137.0,53.0,forward
72.0,131.0,108.0,forward
7.0,4.0,162.0,back
186.0,4.0,178.0,back
10.0,95.0,125.0,forward
187.0,48.0,128.0,left
45.0,63.0,70.0,forward
79.0,87.0,79.0,forward
159.0,69.0,72.0,forward
16.0,24.0,35.0,spin_right
30.0,24.0,65.0,spin_right
168.0,162.0,3.0,forward
174.0,105.0,48.0,forward
9.0,131.0,72.0,forward
184.0,133.0,138.0,forward
181.0,23.0,90.0,spin_left
122.0,10.0,45.0,back
59.0,108.0,46.0,forward
16.0,1.0,102.0,back
26.0,75.0,76.0,forward
142.0,90.0,117.0,forward
89.0,134.0,192.0,forward
106.0,142.0,178.0,forward
129.0,167.0,121.0,forward
125.0,1.0,122.0,back
86.0,84.0,118.0,forward
110.0,98.0,177.0,forward
78.0,5.0,164.0,back
119.0,1.0,4.0,back
149.0,190.0,79.0,forward
0.0,55.0,168.0,forward
186.0,141.0,91.0,forward
100.0,40.0,146.0,right
10.0,79.0,134.0,forward
43.0,67.0,39.0,forward
157.0,160.0,43.0,forward
195.0,72.0,21.0,forward
178.0,184.0,112.0,forward
31.0,66.0,20.0,forward
147.0,148.0,74.0,forward
74.0,152.0,54.0,forward
17.0,198.0,77.0,forward
22.0,167.0,198.0,forward
170.0,173.0,114.0,forward
137.0,182.0,75.0,forward
37.0,179.0,122.0,forward
26.0,24.0,65.0,spin_right
22.0,83.0,95.0,forward
48.0,148.0,78.0,forward
74.0,192.0,98.0,forward
187.0,178.0,106.0,forward
41.0,141.0,78.0,forward
115.0,53.0,42.0,forward
113.0,86.0,90.0,forward
106.0,162.0,183.0,forward
173.0,199.0,190.0,forward
163.0,102.0,97.0,forward
116.0,106.0,47.0,forward
94.0,124.0,50.0,forward
83.0,71.0,142.0,forward
195.0,146.0,28.0,forward
11.0,10.0,153.0,back
173.0,66.0,103.0,forward
109.0,16.0,116.0,back
124.0,64.0,106.0,forward
102.0,20.0,44.0,back
69.0,144.0,46.0,forward
106.0,110.0,131.0,forward
153.0,95.0,123.0,forward
177.0,25.0,158.0,spin_left
148.0,135.0,42.0,forward
79.0,109.0,176.0,forward
118.0,111.0,148.0,forward
92.0,41.0,105.0,right
0.0,196.0,33.0,forward
23.0,7.0,121.0,back
184.0,69.0,72.0,forward
187.0,150.0,37.0,forward
58.0,40.0,37.0,left
124.0,14.0,161.0,back
98.0,195.0,149.0,forward
117.0,196.0,160.0,forward
4.0,155.0,33.0,forward
153.0,17.0,78.0,back
10.0,91.0,116.0,forward
105.0,0.0,95.0,back
23.0,32.0,145.0,right
187.0,155.0,143.0,forward
91.0,154.0,34.0,forward
197.0,117.0,124.0,forward
195.0,48.0,21.0,left
71.0,190.0,154.0,forward
46.0,57.0,12.0,forward
193.0,33.0,119.0,left
183.0,27.0,149.0,spin_left
99.0,10.0,180.0,back
51.0,31.0,164.0,right
68.0,81.0,83.0,forward
194.0,142.0,133.0,forward
139.0,172.0,57.0,forward
44.0,160.0,148.0,forward
42.0,196.0,50.0,forward
161.0,87.0,182.0,forward
8.0,168.0,133.0,forward
111.0,93.0,84.0,forward
179.0,148.0,171.0,forward
28.0,169.0,124.0,forward
61.0,90.0,8.0,forward
165.0,115.0,155.0,forward
160.0,116.0,74.0,forward
191.0,113.0,156.0,forward
105.0,167.0,53.0,forward
187.0,69.0,164.0,forward
106.0,102.0,187.0,forward
185.0,115.0,58.0,forward
192.0,18.0,50.0,back
121.0,56.0,140.0,forward
176.0,118.0,162.0,forward
170.0,169.0,153.0,forward
171.0,100.0,96.0,forward
34.0,130.0,128.0,forward
89.0,190.0,155.0,forward
29.0,146.0,180.0,forward
45.0,89.0,38.0,forward
26.0,19.0,23.0,back
66.0,141.0,46.0,forward
58.0,35.0,61.0,right
135.0,159.0,117.0,forward
197.0,141.0,85.0,forward
164.0,185.0,10.0,forward
147.0,69.0,94.0,forward
128.0,102.0,148.0,forward
120.0,11.0,78.0,back
37.0,49.0,177.0,right
132.0,84.0,81.0,forward
195.0,111.0,44.0,forward
145.0,114.0,130.0,forward
21.0,79.0,4.0,forward
89.0,38.0,27.0,left
15.0,42.0,163.0,right
81.0,47.0,51.0,left
126.0,54.0,51.0,forward
97.0,31.0,145.0,right
194.0,56.0,112.0,forward
130.0,131.0,162.0,forward
50.0,43.0,118.0,right
178.0,88.0,46.0,forward
137.0,64.0,123.0,forward
132.0,38.0,166.0,right
10.0,44.0,115.0,right
140.0,7.0,94.0,back
43.0,96.0,42.0,forward
110.0,182.0,39.0,forward
185.0,7.0,192.0,back
96.0,90.0,161.0,forward
63.0,63.0,70.0,forward
138.0,87.0,39.0,forward
124.0,65.0,116.0,forward
97.0,11.0,107.0,back
187.0,23.0,108.0,spin_left
133.0,45.0,57.0,left
126.0,138.0,82.0,forward
7.0,80.0,37.0,forward
65.0,194.0,143.0,forward
77.0,103.0,0.0,forward
174.0,155.0,165.0,forward
53.0,47.0,37.0,left
109.0,81.0,192.0,forward
137.0,138.0,176.0,forward
168.0,155.0,120.0,forward
106.0,0.0,171.0,back
119.0,12.0,17.0,back
2.0,184.0,56.0,forward
117.0,26.0,96.0,spin_left
22.0,70.0,166.0,forward
153.0,181.0,191.0,forward
55.0,132.0,83.0,forward
3.0,189.0,107.0,forward
100.0,77.0,66.0,forward
127.0,103.0,47.0,forward
12.0,185.0,131.0,forward
55.0,139.0,38.0,forward
20.0,37.0,106.0,right
63.0,87.0,199.0,forward
29.0,17.0,27.0,back
199.0,170.0,139.0,forward
146.0,34.0,21.0,left
113.0,112.0,76.0,forward
183.0,174.0,10.0,forward
81.0,45.0,138.0,right
37.0,4.0,12.0,back
57.0,188.0,197.0,forward
174.0,93.0,55.0,forward
33.0,50.0,39.0,right
29.0,78.0,82.0,forward
33.0,117.0,21.0,forward
109.0,163.0,87.0,forward
139.0,32.0,64.0,left
11.0,86.0,163.0,forward
75.0,147.0,184.0,forward
114.0,113.0,61.0,forward
194.0,147.0,118.0,forward
32.0,104.0,68.0,forward
192.0,35.0,64.0,left
40.0,178.0,4.0,forward
53.0,55.0,28.0,forward
187.0,54.0,92.0,forward
155.0,199.0,195.0,forward
143.0,169.0,93.0,forward
11.0,186.0,161.0,forward
104.0,61.0,157.0,forward
156.0,164.0,87.0,forward
81.0,88.0,74.0,forward
151.0,100.0,73.0,forward
31.0,26.0,49.0,spin_right
4.0,75.0,43.0,forward
28.0,137.0,196.0,forward
13.0,82.0,15.0,forward
155.0,194.0,103.0,forward
81.0,28.0,163.0,spin_right
197.0,143.0,22.0,forward
56.0,67.0,155.0,forward
168.0,118.0,19.0,forward
105.0,164.0,23.0,forward
13.0,58.0,59.0,forward
13.0,83.0,109.0,forward
110.0,67.0,65.0,forward
18.0,97.0,137.0,forward
195.0,169.0,116.0,forward
83.0,135.0,26.0,forward
33.0,69.0,120.0,forward
106.0,118.0,10.0,forward
146.0,199.0,92.0,forward
6.0,126.0,154.0,forward
84.0,22.0,151.0,spin_right
62.0,105.0,181.0,forward
65.0,63.0,67.0,forward
12.0,119.0,83.0,forward
18.0,132.0,143.0,forward
28.0,150.0,63.0,forward
82.0,119.0,36.0,forward
123.0,50.0,138.0,right
140.0,14.0,36.0,back
114.0,90.0,84.0,forward
193.0,31.0,159.0,left
130.0,100.0,108.0,forward
139.0,63.0,28.0,forward
131.0,88.0,65.0,forward
28.0,32.0,23.0,left
78.0,190.0,135.0,forward
59.0,125.0,101.0,forward
190.0,115.0,164.0,forward
25.0,60.0,60.0,forward
165.0,130.0,135.0,forward
29.0,38.0,48.0,right
84.0,173.0,107.0,forward
34.0,93.0,84.0,forward
11.0,41.0,132.0,right
59.0,196.0,12.0,forward
42.0,41.0,24.0,left
150.0,133.0,198.0,forward
36.0,122.0,90.0,forward
23.0,158.0,88.0,forward
181.0,104.0,159.0,forward
56.0,99.0,69.0,forward
85.0,117.0,23.0,forward
162.0,74.0,188.0,forward
90.0,158.0,103.0,forward
126.0,128.0,34.0,forward
112.0,63.0,124.0,forward
31.0,15.0,73.0,back
23.0,58.0,121.0,forward
57.0,132.0,103.0,forward
87.0,127.0,125.0,forward
5.0,111.0,123.0,forward
106.0,160.0,38.0,forward
25.0,49.0,153.0,right
107.0,57.0,146.0,forward
12.0,50.0,154.0,right
52.0,16.0,193.0,back
101.0,132.0,54.0,forward
85.0,163.0,102.0,forward
149.0,167.0,11.0,forward
45.0,148.0,141.0,forward
79.0,166.0,157.0,forward
199.0,145.0,6.0,forward
97.0,60.0,101.0,forward
26.0,113.0,97.0,forward
50.0,25.0,16.0,spin_left
116.0,90.0,99.0,forward
196.0,67.0,142.0,forward
31.0,75.0,178.0,forward
8.0,54.0,20.0,forward
135.0,32.0,74.0,left
55.0,191.0,77.0,forward
190.0,14.0,176.0,back
175.0,91.0,109.0,forward
183.0,95.0,56.0,forward
21.0,71.0,20.0,forward
108.0,46.0,195.0,right
134.0,196.0,16.0,forward
34.0,159.0,78.0,forward
23.0,138.0,41.0,forward
187.0,176.0,28.0,forward
9.0,87.0,184.0,forward
145.0,173.0,45.0,forward
94.0,118.0,26.0,forward
129.0,66.0,34.0,forward
185.0,115.0,133.0,forward
131.0,132.0,150.0,forward
58.0,193.0,15.0,forward
90.0,178.0,26.0,forward
74.0,188.0,157.0,forward
153.0,4.0,105.0,back
110.0,114.0,168.0,forward
171.0,128.0,170.0,forward
46.0,138.0,79.0,forward
65.0,160.0,183.0,forward
198.0,27.0,78.0,spin_left
51.0,144.0,160.0,forward
173.0,88.0,81.0,forward
101.0,53.0,145.0,forward
136.0,144.0,98.0,forward
9.0,23.0,81.0,spin_right
108.0,69.0,74.0,forward
69.0,169.0,170.0,forward
41.0,21.0,57.0,spin_right
160.0,74.0,115.0,forward
49.0,24.0,181.0,spin_right
87.0,150.0,149.0,forward
186.0,107.0,51.0,forward
35.0,76.0,107.0,forward
52.0,94.0,167.0,forward
112.0,74.0,188.0,forward
41.0,22.0,155.0,spin_right
28.0,107.0,5.0,forward
138.0,154.0,175.0,forward
71.0,73.0,14.0,forward
180.0,85.0,160.0,forward
130.0,170.0,138.0,forward
139.0,197.0,55.0,forward
144.0,167.0,127.0,forward
112.0,150.0,196.0,forward
99.0,18.0,148.0,back
86.0,49.0,23.0,left
131.0,155.0,130.0,forward
63.0,127.0,149.0,forward
168.0,147.0,100.0,forward
63.0,39.0,142.0,right
99.0,81.0,158.0,forward
16.0,69.0,109.0,forward
18.0,28.0,114.0,spin_right
131.0,139.0,59.0,forward
83.0,199.0,131.0,forward
66.0,99.0,127.0,forward
163.0,127.0,128.0,forward
138.0,66.0,48.0,forward
176.0,21.0,106.0,spin_left
176.0,32.0,14.0,left
44.0,103.0,92.0,forward
23.0,15.0,141.0,back
171.0,106.0,155.0,forward
34.0,6.0,22.0,back
3.0,46.0,61.0,right
99.0,29.0,41.0,spin_left
83.0,65.0,49.0,forward
169.0,170.0,176.0,forward
114.0,9.0,114.0,back
124.0,148.0,67.0,forward
92.0,139.0,136.0,forward
70.0,28.0,129.0,spin_right
63.0,165.0,197.0,forward
142.0,122.0,13.0,forward
181.0,143.0,4.0,forward
160.0,142.0,78.0,forward
0.0,98.0,56.0,forward
192.0,143.0,1.0,forward
145.0,157.0,79.0,forward
60.0,160.0,197.0,forward
48.0,115.0,61.0,forward
160.0,188.0,29.0,forward
49.0,40.0,65.0,right
158.0,100.0,24.0,forward
94.0,131.0,187.0,forward
89.0,123.0,191.0,forward
127.0,135.0,55.0,forward
142.0,58.0,193.0,forward
7.0,140.0,115.0,forward
129.0,89.0,177.0,forward
135.0,143.0,95.0,forward
184.0,152.0,126.0,forward
77.0,8.0,145.0,back
3.0,38.0,150.0,right
57.0,189.0,183.0,forward
112.0,102.0,126.0,forward
182.0,27.0,25.0,spin_left
179.0,97.0,112.0,forward
8.0,65.0,148.0,forward
3.0,134.0,99.0,forward
45.0,10.0,55.0,back
24.0,22.0,45.0,spin_right
42.0,177.0,65.0,forward
4.0,86.0,190.0,forward
143.0,178.0,125.0,forward
153.0,99.0,193.0,forward
68.0,58.0,156.0,forward
19.0,30.0,13.0,spin_left
15.0,194.0,125.0,forward
35.0,189.0,15.0,forward
35.0,47.0,107.0,right
134.0,55.0,174.0,forward
133.0,6.0,26.0,back
56.0,84.0,111.0,forward
120.0,152.0,74.0,forward
99.0,195.0,123.0,forward
137.0,34.0,37.0,left
2.0,62.0,144.0,forward
88.0,174.0,176.0,forward
72.0,104.0,24.0,forward
14.0,76.0,32.0,forward
147.0,2.0,129.0,back
79.0,83.0,25.0,forward
118.0,11.0,2.0,back
149.0,14.0,25.0,back
177.0,20.0,27.0,back
37.0,32.0,95.0,right
199.0,103.0,149.0,forward
80.0,21.0,19.0,spin_left
122.0,121.0,104.0,forward
168.0,52.0,168.0,forward
27.0,175.0,185.0,forward
199.0,104.0,76.0,forward
110.0,90.0,171.0,forward
86.0,19.0,168.0,back
74.0,155.0,27.0,forward
36.0,116.0,68.0,forward
35.0,106.0,191.0,forward
117.0,103.0,64.0,forward
105.0,76.0,198.0,forward
24.0,164.0,128.0,forward
140.0,141.0,99.0,forward
79.0,169.0,65.0,forward
114.0,87.0,110.0,forward
65.0,139.0,73.0,forward
32.0,24.0,175.0,spin_right
80.0,44.0,99.0,right
186.0,187.0,50.0,forward
103.0,105.0,196.0,forward
58.0,127.0,34.0,forward
122.0,106.0,2.0,forward
73.0,105.0,143.0,forward
64.0,54.0,11.0,forward
111.0,53.0,94.0,forward
62.0,6.0,19.0,back
128.0,25.0,95.0,spin_left
63.0,197.0,162.0,forward
139.0,19.0,196.0,back
28.0,28.0,160.0,spin_right
104.0,154.0,109.0,forward
53.0,19.0,17.0,back
110.0,7.0,114.0,back
113.0,102.0,30.0,forward
12.0,50.0,102.0,right
15.0,2.0,186.0,back
69.0,114.0,38.0,forward
185.0,18.0,1.0,back
195.0,8.0,61.0,back
2.0,89.0,102.0,forward
122.0,181.0,133.0,forward
11.0,130.0,112.0,forward
26.0,67.0,168.0,forward
80.0,69.0,33.0,forward
13.0,59.0,63.0,forward
8.0,162.0,148.0,forward
164.0,44.0,160.0,left
48.0,154.0,69.0,forward
159.0,116.0,66.0,forward
166.0,177.0,133.0,forward
125.0,81.0,65.0,forward
141.0,192.0,100.0,forward
32.0,113.0,164.0,forward
180.0,145.0,168.0,forward
178.0,173.0,132.0,forward
166.0,2.0,0.0,back
24.0,192.0,3.0,forward
131.0,82.0,60.0,forward
137.0,16.0,126.0,back
141.0,62.0,191.0,forward
193.0,36.0,170.0,left
137.0,16.0,171.0,back
95.0,15.0,188.0,back
170.0,159.0,87.0,forward
135.0,83.0,172.0,forward
123.0,172.0,75.0,forward
